WIN_20190920_13_01_41_Pro.jpg 315,288,393,448,0 261,309,301,435,2 362,343,422,478,2 301,0,347,116,2 113,254,136,333,2
WIN_20190920_13_00_23_Pro.jpg 230,189,307,366,0 62,339,118,476,2 504,372,584,479,2
WIN_20190920_13_00_07_Pro.jpg 138,209,196,362,2 330,257,402,458,2 228,156,310,338,0
WIN_20190920_13_00_28_Pro%20(2).jpg 325,205,388,414,0 380,423,427,479,2 479,425,519,479,2
WIN_20190920_13_01_42_Pro%20(3).jpg 261,222,364,412,0 337,289,380,468,2
WIN_20190920_13_01_45_Pro.jpg 149,224,245,403,0 213,280,265,472,2 305,288,343,436,2 431,282,447,355,2
WIN_20190920_13_00_10_Pro%20(2).jpg 153,138,226,311,0 216,251,254,426,2
WIN_20190920_13_01_39_Pro%20(3).jpg 417,213,485,381,0 36,217,59,297,2 93,223,124,305,2 289,249,329,372,2 445,264,506,431,2
WIN_20190920_13_00_31_Pro.jpg 266,246,329,412,0 401,413,436,479,2 319,418,361,479,2
WIN_20190920_13_01_43_Pro%20(2).jpg 86,122,203,332,0 173,195,214,402,2 226,206,257,357,2 267,218,303,302,2
WIN_20190920_13_01_41_Pro%20(2).jpg 354,281,434,437,0 189,259,210,332,2 358,0,409,106,2 405,334,464,476,2 317,305,355,419,2
WIN_20190920_13_00_08_Pro%20(2).jpg 347,249,398,416,2 250,207,285,337,2 116,141,140,226,2 285,160,347,315,0
WIN_20190920_13_01_42_Pro%20(2).jpg 309,224,400,388,0 377,281,425,456,2
WIN_20190920_13_00_23_Pro%20(2).jpg 194,195,272,372,0 0,346,52,479,2 447,379,524,479,2
WIN_20190920_13_01_40_Pro%20(2).jpg 369,273,438,421,0 333,0,385,101,2 149,28,174,114,2 109,245,131,322,2 155,259,175,338,2 288,292,333,414,2 407,326,460,471,2
WIN_20190920_13_01_32_Pro.jpg 436,1,510,196,0 89,76,186,295,2 403,63,499,262,2
WIN_20190920_13_01_36_Pro.jpg 427,70,516,287,0 128,147,208,350,2 424,134,522,349,2
WIN_20190920_13_01_30_Pro.jpg 374,84,456,287,0 41,179,138,395,2 355,157,438,351,2
WIN_20190920_13_01_45_Pro%20(2).jpg 229,214,328,396,0 282,273,347,474,2 401,285,443,446,2 542,297,574,388,2
WIN_20190920_13_00_34_Pro%20(3).jpg 314,178,374,320,0 87,292,155,479,2 394,367,426,463,2 355,366,375,457,2
WIN_20190920_13_01_30_Pro%20(2).jpg 415,23,504,227,0 82,100,187,338,2 394,92,475,296,2
WIN_20190920_13_01_31_Pro.jpg 430,28,522,246,0 77,111,191,368,2 403,103,494,314,2
WIN_20190920_13_01_39_Pro.jpg 346,120,422,317,0 162,187,214,351,2 370,186,444,380,2
WIN_20190920_13_00_27_Pro.jpg 162,198,234,397,0 289,432,354,479,2 458,454,505,479,2
WIN_20190920_13_00_28_Pro.jpg 272,144,342,353,0 345,368,401,479,2 470,392,511,479,2
WIN_20190920_13_00_21_Pro.jpg 306,92,370,259,0 90,192,140,296,2 202,218,248,328,2 551,277,625,432,2
WIN_20190920_13_00_35_Pro%20(2).jpg 234,213,286,381,0 500,361,543,479,2 355,378,411,479,2
WIN_20190920_13_00_26_Pro%20(2).jpg 170,187,233,383,0 324,412,386,479,2 509,444,561,477,2
WIN_20190920_13_00_34_Pro.jpg 333,234,393,353,0 397,376,420,468,2 186,333,236,479,2 2,307,72,479,2
WIN_20190920_13_01_36_Pro%20(3).jpg 319,51,401,261,0 56,127,124,320,2 326,118,407,328,2
WIN_20190920_13_01_36_Pro%20(2).jpg 386,18,463,230,0 98,97,171,295,2 378,83,468,297,2
WIN_20190920_13_01_42_Pro.jpg 376,205,465,370,0 246,223,262,288,2 351,239,389,380,2 436,261,489,433,2
WIN_20190920_13_01_39_Pro%20(2).jpg 386,185,459,359,0 220,225,274,364,2 410,240,478,418,2
WIN_20190920_13_01_28_Pro.jpg 305,112,361,258,0
WIN_20190920_13_01_46_Pro.jpg 38,256,137,442,0 286,0,351,103,2 500,97,536,203,2 67,312,146,475,2 249,335,310,475,2 454,357,475,447,2 490,355,525,448,2
WIN_20190920_13_00_10_Pro.jpg 176,74,245,228,0 240,163,279,338,2
WIN_20190920_13_01_34_Pro.jpg 489,65,566,257,0 197,152,280,345,2 478,124,564,315,2
WIN_20190920_13_01_20_Pro.jpg 312,120,360,306,0 108,202,175,359,2 318,173,398,357,2
WIN_20190920_13_00_34_Pro%20(2).jpg 330,197,397,322,0 0,250,55,477,2 174,290,236,474,2 397,367,425,454,2
WIN_20190920_13_00_25_Pro.jpg 305,215,370,409,0
WIN_20190920_13_00_09_Pro.jpg 215,152,282,302,0 282,247,322,398,2
WIN_20190920_13_00_24_Pro%20(2).jpg 461,396,536,479,2 0,358,27,476,2 223,196,294,385,0
WIN_20190920_13_00_08_Pro.jpg 216,151,298,315,0 304,259,348,423,2
WIN_20190920_13_01_31_Pro%20(2).jpg 414,15,517,236,0 68,105,183,362,2 396,88,486,306,2
WIN_20190920_13_01_37_Pro%20(2).jpg 74,174,145,364,2 338,147,423,371,2
WIN_20190920_13_01_43_Pro.jpg 194,188,309,390,0 279,255,326,467,2
WIN_20190920_13_01_38_Pro.jpg 364,95,433,296,0 157,167,213,335,2 382,160,453,350,2
WIN_20190920_13_00_24_Pro.jpg 169,168,239,346,0 416,355,491,479,2
WIN_20190920_13_01_29_Pro%20(2).jpg 377,44,461,252,0 35,92,137,320,2 350,111,449,317,2
WIN_20190920_13_00_27_Pro%20(2).jpg 205,99,278,307,0 298,344,368,479,2 442,369,492,479,2
WIN_20190920_13_00_22_Pro.jpg 307,52,377,222,0 564,229,637,396,2 181,202,230,323,2 56,184,106,295,2
WIN_20190920_13_00_32_Pro%20(2).jpg 289,228,352,351,0 378,382,405,466,2 333,375,352,459,2 105,338,164,479,2
WIN_20190920_13_01_29_Pro.jpg 348,43,415,216,0 68,88,146,273,2 330,101,407,270,2
WIN_20190920_13_01_40_Pro.jpg 475,287,542,447,0 393,0,451,107,2 353,305,407,426,2 505,341,564,473,2 179,268,208,346,2 124,251,147,329,2
WIN_20190920_13_00_26_Pro.jpg 310,192,383,388,0 488,406,562,479,2
WIN_20190920_13_00_33_Pro.jpg 302,218,363,333,0 150,315,201,479,2 377,366,402,450,2 0,290,29,479,2
WIN_20190920_13_00_21_Pro%20(2).jpg 98,187,142,291,2 211,206,255,323,2 566,272,640,429,2 334,78,399,240,0
WIN_20190920_13_00_22_Pro%20(2).jpg 278,161,350,338,0 541,344,622,477,2 127,313,179,450,2 0,298,41,416,2
WIN_20190920_13_00_25_Pro%20(2).jpg 313,207,376,397,0 514,421,588,479,2 0,361,41,479,2
WIN_20190920_13_01_44_Pro.jpg 3,87,103,288,0 71,150,133,375,2 165,168,204,338,2 243,200,259,288,2
WIN_20190920_13_00_21_Pro.jpg 305,94,373,257,0 549,280,626,439,2 91,194,139,298,2 202,223,249,330,2
WIN_20190920_13_05_10_Pro.jpg 404,375,435,404,3
WIN_20190920_12_59_36_Pro%20(2).jpg 77,78,121,254,2 253,83,306,254,0
WIN_20190920_13_02_46_Pro.jpg 408,214,540,380,0
WIN_20190920_13_01_50_Pro%20(2).jpg 101,248,149,361,2 245,247,283,349,2 457,250,485,333,2 538,250,564,330,2 479,50,507,135,2
WIN_20190920_13_02_55_Pro.jpg 286,51,389,221,2 550,181,628,300,2
WIN_20190920_12_59_46_Pro.jpg 205,245,257,368,2 372,242,427,360,2
WIN_20190920_13_00_32_Pro.jpg 265,268,319,411,0
WIN_20190920_13_03_11_Pro%20(2).jpg 470,194,535,391,0
WIN_20190920_13_02_57_Pro.jpg 440,167,555,413,2
WIN_20190920_13_03_38_Pro.jpg 415,5,451,115,2 453,258,486,360,2
WIN_20190920_13_03_16_Pro%20(3).jpg 65,163,143,305,0
WIN_20190920_12_59_31_Pro%20(2).jpg 100,137,135,246,2 192,170,231,308,2 308,156,354,281,0
WIN_20190920_13_01_41_Pro.jpg 315,291,392,449,0
WIN_20190920_13_05_44_Pro%20(2).jpg 352,258,469,409,1
WIN_20190920_13_05_12_Pro%20(2).jpg 318,343,334,358,3
WIN_20190920_13_05_28_Pro.jpg 281,206,337,357,1
WIN_20190920_13_03_42_Pro.jpg 335,185,376,272,2 454,171,490,258,2
WIN_20190920_13_03_10_Pro.jpg 510,201,583,380,0
WIN_20190920_13_01_54_Pro.jpg 394,218,433,345,2 606,258,632,346,2
WIN_20190920_13_00_28_Pro%20(2).jpg 322,210,389,416,0
WIN_20190920_13_02_14_Pro%20(2).jpg 260,160,329,310,0 50,253,98,380,2 499,256,565,414,2
WIN_20190920_13_00_32_Pro%20(2).jpg 295,230,351,352,0 378,375,402,479,2
WIN_20190920_12_59_28_Pro.jpg 305,199,334,283,2 236,169,259,242,2 389,180,417,266,0
WIN_20190920_13_02_06_Pro%20(2).jpg 184,141,246,268,0 209,279,258,447,2
WIN_20190920_13_04_33_Pro.jpg 253,233,292,284,1
WIN_20190920_13_03_33_Pro%20(2).jpg 557,145,592,216,2
WIN_20190920_13_01_38_Pro.jpg 157,166,215,337,0 360,95,436,297,0
WIN_20190920_13_01_45_Pro%20(2).jpg 229,217,329,401,0 391,290,444,447,2 273,276,348,479,2
WIN_20190920_13_02_53_Pro%20(2).jpg 113,149,192,300,0 337,101,423,246,2 557,208,624,312,2 160,9,261,193,2
WIN_20190920_13_00_35_Pro.jpg 290,204,347,361,0 465,363,501,480,2
WIN_20190920_13_03_07_Pro%20(2).jpg 384,167,453,325,0
WIN_20190920_13_05_43_Pro%20(3).jpg 356,199,464,331,1
WIN_20190920_13_05_38_Pro.jpg 264,282,302,334,1
WIN_20190920_13_03_32_Pro%20(3).jpg 409,135,444,206,2 307,167,344,231,2
WIN_20190920_13_04_23_Pro%20(3).jpg 348,184,384,251,1
WIN_20190920_13_04_45_Pro.jpg 256,199,331,299,1
WIN_20190920_12_59_51_Pro.jpg 151,227,196,327,2
WIN_20190920_12_59_29_Pro.jpg 278,162,305,265,2 357,152,392,244,0
WIN_20190920_13_04_28_Pro.jpg 337,330,384,412,1
WIN_20190920_13_03_23_Pro%20(2).jpg 0,245,73,388,2 452,196,527,355,2
WIN_20190920_13_02_03_Pro.jpg 252,170,337,332,0
WIN_20190920_13_02_54_Pro.jpg 128,144,213,302,0 182,0,292,191,2 373,96,473,249,2
WIN_20190920_13_04_38_Pro%20(2).jpg 193,197,284,262,1
WIN_20190920_13_01_40_Pro.jpg 472,287,543,449,2 354,305,396,427,2
WIN_20190920_13_04_47_Pro%20(2).jpg 324,203,373,305,1
WIN_20190920_13_01_39_Pro.jpg 165,185,218,350,2 347,121,422,320,0
WIN_20190920_13_00_28_Pro.jpg 271,148,338,358,0
WIN_20190920_13_02_23_Pro%20(2).jpg 92,112,177,254,2 434,140,486,257,0 491,245,555,351,2
WIN_20190920_13_03_24_Pro%20(2).jpg 91,236,150,353,2 264,218,331,344,2
WIN_20190920_13_00_24_Pro%20(2).jpg 219,203,296,384,0
WIN_20190920_13_01_32_Pro.jpg 85,77,187,293,2 428,2,510,200,0
WIN_20190920_13_00_34_Pro.jpg 332,234,390,353,0 394,383,419,474,2
WIN_20190920_12_59_39_Pro%20(2).jpg 237,137,296,309,0
WIN_20190920_13_05_09_Pro%20(2).jpg 397,240,431,271,3
WIN_20190920_13_03_17_Pro.jpg 14,132,98,285,0
WIN_20190920_13_01_49_Pro.jpg 43,240,104,400,2 238,258,289,392,2 506,274,545,382,2 605,284,637,378,2 550,41,585,138,2
WIN_20190920_12_59_38_Pro%20(2).jpg 136,189,194,374,0
WIN_20190920_13_00_35_Pro%20(2).jpg 232,215,288,382,0
WIN_20190920_13_05_36_Pro%20(2).jpg 280,229,335,306,1
WIN_20190920_13_02_15_Pro%20(2).jpg 400,164,457,306,0 120,289,176,411,0
WIN_20190920_13_02_24_Pro%20(2).jpg 100,106,176,239,2 427,138,482,254,0 503,241,574,357,2
WIN_20190920_13_03_41_Pro.jpg 411,194,452,289,2 534,184,572,268,2
WIN_20190920_13_00_26_Pro.jpg 315,194,380,385,0
WIN_20190920_13_03_37_Pro%20(3).jpg 283,148,322,250,2 532,134,561,220,2 532,339,565,419,2 606,317,632,394,2 339,382,380,477,2
WIN_20190920_12_59_34_Pro.jpg 127,132,176,305,2 283,118,338,278,0 26,93,67,229,2
WIN_20190920_13_02_52_Pro.jpg 298,85,366,211,0 454,46,523,170,2
WIN_20190920_13_05_29_Pro.jpg 339,247,399,381,1
WIN_20190920_13_01_29_Pro%20(2).jpg 35,85,137,320,2 376,48,461,256,0
WIN_20190920_13_04_52_Pro%20(2).jpg 246,302,303,402,1
WIN_20190920_13_01_30_Pro.jpg 33,156,142,393,2 375,83,457,289,0
WIN_20190920_13_03_19_Pro%20(2).jpg 377,150,486,352,0
WIN_20190920_13_02_07_Pro.jpg 210,116,280,252,0 241,273,292,447,2
WIN_20190920_13_03_13_Pro.jpg 384,157,451,352,0
WIN_20190920_13_04_22_Pro%20(2).jpg 213,200,251,268,1
WIN_20190920_13_03_14_Pro.jpg 506,240,576,428,0
WIN_20190920_13_02_02_Pro%20(2).jpg 219,182,308,347,0
WIN_20190920_13_00_24_Pro%20(3).jpg 265,184,334,368,0
WIN_20190920_13_04_19_Pro%20(3).jpg 270,183,335,287,1
WIN_20190920_12_59_41_Pro.jpg 8,158,45,248,2 176,143,221,277,2 304,132,359,264,2 387,104,456,219,0
WIN_20190920_13_05_03_Pro%20(3).jpg 345,238,390,301,1 220,315,234,329,3 352,215,368,229,3 405,335,420,347,3
WIN_20190920_13_04_54_Pro.jpg 232,232,282,319,1
WIN_20190920_13_05_00_Pro.jpg 384,289,454,387,1 152,365,173,386,3 403,251,422,269,3 457,463,482,480,3
WIN_20190920_13_03_40_Pro%20(2).jpg 396,130,432,223,2 308,349,348,437,2 433,341,471,424,2
WIN_20190920_13_02_42_Pro%20(2).jpg 458,223,578,393,0 365,46,448,201,2 526,70,640,266,2
WIN_20190920_13_01_31_Pro.jpg 76,107,191,371,2 424,28,523,245,0
WIN_20190920_13_05_48_Pro%20(2).jpg 355,253,493,405,1
WIN_20190920_13_04_52_Pro.jpg 243,341,301,448,1
WIN_20190920_13_03_09_Pro%20(2).jpg 479,173,554,346,0
WIN_20190920_13_01_47_Pro.jpg 214,339,277,479,2 544,343,582,435,2 463,344,506,445,2 528,91,572,195,2
WIN_20190920_13_01_30_Pro%20(2).jpg 83,98,187,342,2 410,23,505,229,0
WIN_20190920_13_02_43_Pro%20(3).jpg 431,55,522,207,2 487,216,620,402,0
WIN_20190920_13_01_35_Pro.jpg 102,125,187,331,2 403,50,486,263,0
WIN_20190920_13_04_34_Pro.jpg 281,206,322,259,1
WIN_20190920_13_04_26_Pro.jpg 263,202,308,277,1
WIN_20190920_13_02_13_Pro.jpg 191,296,276,480,0
WIN_20190920_13_03_24_Pro.jpg 2,231,68,358,2 185,212,253,343,2
WIN_20190920_13_01_36_Pro%20(2).jpg 97,95,170,294,2 383,17,464,233,0
WIN_20190920_13_00_08_Pro.jpg 222,154,297,319,0
WIN_20190920_13_00_05_Pro.jpg 290,184,369,355,0 212,223,269,387,2 386,280,462,468,2 22,155,50,273,2
WIN_20190920_13_00_25_Pro%20(2).jpg 310,207,376,398,0
WIN_20190920_13_02_10_Pro.jpg 198,117,258,244,2 447,41,476,134,2 506,229,537,299,2 288,380,335,478,2
WIN_20190920_13_02_16_Pro.jpg 49,330,117,457,2 526,255,586,387,2 349,199,401,333,0
WIN_20190920_13_05_45_Pro.jpg 322,202,462,319,1
WIN_20190920_12_59_38_Pro.jpg 136,90,195,266,0
WIN_20190920_13_03_16_Pro%20(2).jpg 74,212,149,354,0
WIN_20190920_13_05_04_Pro.jpg 358,241,403,301,1 236,316,250,328,3 365,217,380,231,3 418,334,433,347,3
WIN_20190920_12_59_34_Pro%20(2).jpg 112,148,152,278,2 201,191,250,357,2 356,172,409,328,0
WIN_20190920_13_01_53_Pro.jpg 246,329,282,428,2 345,330,374,414,2 492,324,514,395,2 547,324,568,388,2 329,119,358,206,2
WIN_20190920_13_00_26_Pro%20(2).jpg 164,189,237,381,0
WIN_20190920_13_02_45_Pro.jpg 394,148,537,332,0
WIN_20190920_13_03_22_Pro%20(2).jpg 176,166,263,352,2 460,132,547,333,2
WIN_20190920_13_05_11_Pro%20(2).jpg 341,289,359,304,3
WIN_20190920_12_59_44_Pro.jpg 109,268,174,408,2 311,274,369,422,2 341,273,400,379,0
WIN_20190920_13_04_53_Pro.jpg 225,261,279,354,1
WIN_20190920_13_03_13_Pro%20(3).jpg 395,252,457,434,0
WIN_20190920_13_05_02_Pro%20(2).jpg 317,228,371,302,1 329,202,346,217,3 162,323,179,339,3 389,344,406,361,3
WIN_20190920_13_04_20_Pro%20(2).jpg 272,224,326,308,1
WIN_20190920_13_03_23_Pro.jpg 317,194,395,361,2
WIN_20190920_13_00_23_Pro%20(2).jpg 196,196,265,370,0
WIN_20190920_13_01_51_Pro.jpg 169,256,204,347,2 260,65,290,150,2 276,262,305,344,2 436,271,461,342,2 463,109,488,180,2 501,276,525,341,2
WIN_20190920_13_03_16_Pro.jpg 89,220,162,356,0
WIN_20190920_13_04_46_Pro.jpg 377,297,447,414,1
WIN_20190920_13_05_28_Pro%20(2).jpg 273,260,332,410,1
WIN_20190920_13_04_16_Pro.jpg 292,211,391,356,1
WIN_20190920_13_05_09_Pro.jpg 197,239,228,267,3
WIN_20190920_13_05_47_Pro.jpg 333,69,463,228,1
WIN_20190920_13_03_08_Pro%20(2).jpg 468,191,542,352,0
WIN_20190920_13_01_36_Pro%20(3).jpg 52,127,125,323,2 319,53,400,262,0
WIN_20190920_13_02_06_Pro%20(3).jpg 210,182,273,312,0
WIN_20190920_13_05_47_Pro%20(2).jpg 362,18,498,182,1
WIN_20190920_13_02_17_Pro.jpg 145,279,205,402,2 437,158,488,280,0 584,212,635,333,2
WIN_20190920_13_01_20_Pro.jpg 304,121,362,305,0 108,203,178,359,2
WIN_20190920_13_01_46_Pro.jpg 33,255,138,442,0
WIN_20190920_13_04_33_Pro%20(2).jpg 268,262,308,314,1
WIN_20190920_13_05_11_Pro%20(3).jpg 350,285,366,299,3
WIN_20190920_13_00_34_Pro%20(2).jpg 399,366,423,463,2 339,199,396,322,0
WIN_20190920_13_05_36_Pro.jpg 320,229,369,313,1
WIN_20190920_13_02_00_Pro.jpg 245,187,325,344,0 485,308,560,478,2
WIN_20190920_12_59_37_Pro%20(2).jpg 162,67,221,242,0
WIN_20190920_13_02_53_Pro.jpg 133,100,201,226,0 319,65,396,190,2 506,164,567,260,2 571,194,623,279,2
WIN_20190920_13_03_13_Pro%20(2).jpg 306,202,374,403,0
WIN_20190920_13_05_44_Pro.jpg 349,175,463,315,1
WIN_20190920_13_02_22_Pro.jpg 186,222,273,373,2 507,224,557,346,0 531,314,587,417,2
WIN_20190920_13_05_44_Pro%20(3).jpg 375,253,506,377,1
WIN_20190920_13_03_37_Pro%20(2).jpg 207,142,243,232,2 447,133,472,208,2 513,299,540,367,2 441,315,469,388,2 255,353,290,437,2 136,370,181,472,2
WIN_20190920_13_00_25_Pro.jpg 301,216,372,408,0
WIN_20190920_13_03_40_Pro.jpg 373,106,412,201,2 281,329,322,422,2 412,320,447,408,2
WIN_20190920_13_01_50_Pro.jpg 97,200,149,333,2 262,213,305,328,2 497,227,530,321,2 588,237,617,319,2 534,12,566,104,2
WIN_20190920_13_04_34_Pro%20(2).jpg 278,243,319,287,1
WIN_20190920_13_00_34_Pro%20(3).jpg 315,181,377,321,0 396,370,424,474,0
WIN_20190920_13_02_18_Pro%20(2).jpg 38,176,100,307,2 465,147,508,258,2 355,81,400,195,0
WIN_20190920_13_04_18_Pro%20(2).jpg 283,201,387,363,1
WIN_20190920_12_59_31_Pro.jpg 133,136,163,241,2 220,164,255,286,2 324,148,364,259,0
WIN_20190920_13_05_43_Pro.jpg 297,155,382,270,1
WIN_20190920_13_03_06_Pro%20(2).jpg 342,213,423,378,0
WIN_20190920_12_59_33_Pro.jpg 75,65,108,202,2 165,109,209,271,2 291,90,344,228,0
WIN_20190920_13_02_23_Pro.jpg 112,134,199,280,2 463,159,518,281,0 515,265,582,372,2
WIN_20190920_13_02_22_Pro%20(2).jpg 210,166,298,321,2 543,182,592,305,0 565,276,627,385,2
WIN_20190920_12_59_30_Pro.jpg 189,115,220,214,2 271,144,302,268,2 356,133,395,231,0
WIN_20190920_13_03_26_Pro%20(2).jpg 319,168,385,316,2
WIN_20190920_13_05_46_Pro.jpg 261,206,407,327,1
WIN_20190920_13_01_29_Pro.jpg 68,85,149,275,2 343,44,417,217,0
WIN_20190920_13_00_07_Pro%20(2).jpg 130,192,182,330,2 185,136,267,306,0 274,240,339,419,2
WIN_20190920_13_00_10_Pro.jpg 177,75,245,231,0 239,164,278,331,2
WIN_20190920_13_05_01_Pro.jpg 359,237,426,329,1 149,312,169,331,3 383,205,403,223,3 426,396,449,416,3
WIN_20190920_13_04_18_Pro.jpg 236,75,364,283,1
WIN_20190920_13_03_11_Pro.jpg 499,207,557,395,0
WIN_20190920_13_04_20_Pro.jpg 270,243,326,328,1
WIN_20190920_13_04_22_Pro.jpg 245,187,290,260,1
WIN_20190920_13_02_04_Pro.jpg 238,89,321,238,0 394,227,446,416,2
WIN_20190920_13_01_36_Pro.jpg 127,145,208,352,2 424,68,517,288,0
WIN_20190920_13_03_28_Pro.jpg 224,146,256,212,2 466,108,502,183,2 460,284,491,343,2 561,270,592,336,2
WIN_20190920_13_03_06_Pro.jpg 382,196,466,376,0
WIN_20190920_13_03_14_Pro%20(2).jpg 338,176,411,354,0
WIN_20190920_13_02_50_Pro.jpg 412,187,566,417,0
WIN_20190920_13_03_37_Pro.jpg 215,112,251,198,2 443,106,470,176,2 151,331,195,428,2 264,310,298,392,2 440,275,468,347,2 511,260,535,329,2
WIN_20190920_13_04_54_Pro%20(2).jpg 209,240,263,333,1
WIN_20190920_13_01_39_Pro%20(2).jpg 223,226,271,374,2 381,185,459,362,0
WIN_20190920_13_02_00_Pro%20(2).jpg 469,213,538,389,2 244,97,322,250,0 155,176,192,284,2
WIN_20190920_13_04_39_Pro.jpg 210,104,290,178,1
WIN_20190920_13_05_02_Pro.jpg 294,228,355,305,1 134,329,152,346,3 311,200,328,217,3 371,350,390,368,3
WIN_20190920_13_05_48_Pro.jpg 357,173,472,324,1
WIN_20190920_13_05_03_Pro%20(2).jpg 330,244,380,310,1 197,328,212,342,3 341,222,354,235,3 395,349,410,362,3
WIN_20190920_13_00_23_Pro.jpg 62,341,118,479,2 237,189,308,367,0
WIN_20190920_13_05_01_Pro%20(3).jpg 290,190,349,274,1 117,297,137,314,3 306,166,324,181,3 367,318,387,337,3
WIN_20190920_13_02_05_Pro.jpg 199,71,270,211,0
WIN_20190920_13_01_52_Pro%20(2).jpg 238,310,272,407,2 328,109,359,196,2 337,314,368,399,2 518,155,543,224,2 490,321,515,392,2 551,322,573,388,2
WIN_20190920_13_04_19_Pro.jpg 252,169,337,297,1
WIN_20190920_13_01_28_Pro.jpg 66,155,133,311,2 303,113,365,260,0
WIN_20190920_12_59_43_Pro.jpg 197,202,248,327,2 376,205,430,345,2 428,196,481,308,0
WIN_20190920_13_04_19_Pro%20(2).jpg 248,190,324,303,1
WIN_20190920_13_03_12_Pro.jpg 487,163,552,358,0
WIN_20190920_13_02_06_Pro.jpg 204,140,267,269,0
WIN_20190920_13_01_34_Pro.jpg 487,62,565,262,0 193,148,279,345,0
WIN_20190920_13_03_42_Pro%20(2).jpg 415,132,449,214,2 350,335,388,419,2 457,323,490,401,2
WIN_20190920_13_03_15_Pro%20(2).jpg 185,222,258,375,0
WIN_20190920_13_01_42_Pro%20(2).jpg 310,222,401,394,0
WIN_20190920_13_02_15_Pro.jpg 375,164,432,305,0 132,264,181,378,2
WIN_20190920_13_02_13_Pro%20(2).jpg 50,237,148,432,0
WIN_20190920_13_05_29_Pro%20(2).jpg 423,152,489,286,1
WIN_20190920_13_04_21_Pro.jpg 257,243,311,323,1
WIN_20190920_13_04_17_Pro%20(2).jpg 298,199,420,383,1
WIN_20190920_12_59_37_Pro.jpg 182,103,242,282,0
WIN_20190920_13_04_21_Pro%20(3).jpg 231,243,276,315,1
WIN_20190920_13_01_41_Pro%20(2).jpg 355,282,434,439,0
WIN_20190920_13_02_07_Pro%20(2).jpg 297,252,341,391,2 296,123,343,226,0
WIN_20190920_12_59_36_Pro.jpg 351,154,406,323,0 187,158,224,325,2 138,139,173,270,2
WIN_20190920_13_03_15_Pro.jpg 264,225,336,389,0
WIN_20190920_13_03_07_Pro.jpg 357,180,429,340,0
WIN_20190920_13_04_17_Pro.jpg 267,152,364,304,1
WIN_20190920_13_04_23_Pro.jpg 276,176,314,241,1
WIN_20190920_13_00_24_Pro.jpg 169,169,235,345,0
WIN_20190920_13_02_18_Pro.jpg 50,243,111,372,2 477,200,517,312,2 361,142,408,256,0
WIN_20190920_13_01_40_Pro%20(2).jpg 366,273,441,428,0 289,293,329,417,2 150,21,171,115,2 114,244,129,322,2
WIN_20190920_13_04_51_Pro.jpg 159,317,220,421,1
WIN_20190920_13_03_17_Pro%20(2).jpg 6,87,94,252,0
WIN_20190920_13_03_39_Pro.jpg 118,266,159,367,2 435,268,465,353,2
WIN_20190920_13_01_45_Pro.jpg 148,225,247,407,0
WIN_20190920_13_04_23_Pro%20(2).jpg 299,168,337,235,1
WIN_20190920_13_01_37_Pro.jpg 74,147,143,341,2 331,69,413,283,0
WIN_20190920_13_04_48_Pro.jpg 267,269,315,379,1
WIN_20190920_13_05_34_Pro.jpg 265,99,368,281,1
WIN_20190920_13_04_47_Pro.jpg 418,248,478,356,1
WIN_20190920_13_01_43_Pro.jpg 196,189,309,392,0
WIN_20190920_13_03_12_Pro%20(2).jpg 498,201,564,409,0
WIN_20190920_13_01_51_Pro%20(2).jpg 271,71,303,152,2 181,257,213,343,2 281,260,310,341,2 464,123,488,187,2 436,276,459,342,2 497,280,519,341,2
WIN_20190920_13_02_55_Pro%20(2).jpg 241,113,355,296,2 538,248,621,372,2
WIN_20190920_13_01_39_Pro%20(3).jpg 289,248,329,376,2 95,224,122,311,2 414,213,485,382,0
WIN_20190920_13_00_43_Pro.jpg 287,135,360,358,0 366,200,478,435,2
WIN_20190920_13_01_37_Pro%20(2).jpg 70,171,146,371,2 324,81,401,304,0
WIN_20190920_13_00_06_Pro.jpg 191,213,248,362,2 269,167,347,338,0 364,263,439,450,2
WIN_20190920_13_02_21_Pro.jpg 153,168,240,325,2 481,180,530,301,0 504,275,562,376,2
WIN_20190920_13_05_13_Pro.jpg 338,364,350,377,3
WIN_20190920_13_05_11_Pro.jpg 353,301,373,318,3
WIN_20190920_13_03_20_Pro.jpg 234,246,335,428,0
WIN_20190920_13_03_15_Pro%20(3).jpg 116,195,186,337,0
WIN_20190920_13_04_31_Pro%20(2).jpg 287,323,323,383,1
WIN_20190920_13_04_25_Pro.jpg 237,203,281,279,1
WIN_20190920_13_03_05_Pro%20(2).jpg 401,232,499,412,0
WIN_20190920_12_59_49_Pro.jpg 368,302,414,416,2
WIN_20190920_13_03_22_Pro.jpg 85,138,178,343,2 388,104,477,319,2
WIN_20190920_13_05_46_Pro%20(2).jpg 218,82,362,229,1
WIN_20190920_13_02_17_Pro%20(2).jpg 59,312,120,435,2 486,249,531,360,2 357,196,404,310,0
WIN_20190920_13_00_31_Pro.jpg 269,248,331,414,0
WIN_20190920_13_03_26_Pro.jpg 238,156,300,289,2
WIN_20190920_13_03_19_Pro.jpg 315,237,446,480,0
WIN_20190920_13_03_05_Pro.jpg 266,179,352,350,0
WIN_20190920_13_05_35_Pro.jpg 121,205,233,401,1
WIN_20190920_13_02_16_Pro%20(2).jpg 411,175,466,300,0 571,229,626,349,2 122,299,187,419,2
WIN_20190920_13_00_33_Pro.jpg 310,219,361,334,0 376,364,401,458,2
WIN_20190920_13_02_18_Pro%20(3).jpg 54,155,114,287,2 371,67,411,184,0 477,143,517,253,2
WIN_20190920_13_05_12_Pro.jpg 380,353,397,369,3
WIN_20190920_13_05_04_Pro%20(2).jpg 458,289,502,358,1 457,266,472,279,3 324,357,340,372,3 519,392,533,407,3
WIN_20190920_13_03_39_Pro%20(2).jpg 210,31,248,132,2 536,30,569,121,2 117,267,159,363,2 252,262,288,347,2 500,243,534,331,2
WIN_20190920_13_04_30_Pro%20(2).jpg 327,233,362,296,1
WIN_20190920_12_59_43_Pro%20(2).jpg 195,231,247,365,2 380,224,437,375,2 433,216,483,332,0
WIN_20190920_13_03_25_Pro.jpg 312,198,370,316,2 493,181,555,305,2
WIN_20190920_13_04_31_Pro.jpg 336,199,374,256,1
WIN_20190920_13_04_49_Pro.jpg 213,212,267,330,1
WIN_20190920_12_59_41_Pro%20(2).jpg 57,158,95,280,2 299,162,342,294,2 468,158,521,310,2 526,144,588,261,0
WIN_20190920_13_01_21_Pro.jpg 246,167,318,397,0
WIN_20190920_13_04_21_Pro%20(2).jpg 292,265,337,342,1
WIN_20190920_13_03_08_Pro.jpg 427,173,498,333,0
WIN_20190920_12_59_35_Pro.jpg 173,103,215,303,2 331,91,391,264,0 109,80,143,225,2
WIN_20190920_13_01_31_Pro%20(2).jpg 418,15,517,236,0 65,98,183,363,2
WIN_20190920_13_04_44_Pro.jpg 153,223,258,317,1
