WIN_20190920_13_01_30_Pro%20(2).jpg 415,23,504,227,0 82,100,187,338,2 394,92,475,296,2
WIN_20190920_13_01_21_Pro.jpg 9,280,94,449,2 271,229,362,451,2
WIN_20190920_13_00_35_Pro%20(2).jpg 234,213,286,381,0 500,361,543,479,2 355,378,411,479,2
WIN_20190920_13_01_43_Pro.jpg 194,188,309,390,0 279,255,326,467,2
WIN_20190920_13_01_44_Pro.jpg 3,87,103,288,0 71,150,133,375,2 165,168,204,338,2 243,200,259,288,2
WIN_20190920_13_00_08_Pro%20(2).jpg 347,249,398,416,2 250,207,285,337,2 116,141,140,226,2 285,160,347,315,0
WIN_20190920_13_01_40_Pro%20(2).jpg 369,273,438,421,0 333,0,385,101,2 149,28,174,114,2 109,245,131,322,2 155,259,175,338,2 288,292,333,414,2 407,326,460,471,2
WIN_20190920_13_00_25_Pro%20(2).jpg 313,207,376,397,0 514,421,588,479,2 0,361,41,479,2
WIN_20190920_13_01_37_Pro.jpg 331,68,413,282,0 75,148,145,343,2 347,135,424,348,2
WIN_20190920_13_00_23_Pro%20(2).jpg 194,195,272,372,0 0,346,52,479,2 447,379,524,479,2
WIN_20190920_13_00_24_Pro%20(2).jpg 461,396,536,479,2 0,358,27,476,2 223,196,294,385,0
WIN_20190920_13_00_35_Pro.jpg 289,206,345,359,0 466,361,501,478,2 367,359,413,478,2 0,376,57,479,2
WIN_20190920_13_00_31_Pro.jpg 266,246,329,412,0 401,413,436,479,2 319,418,361,479,2
WIN_20190920_13_00_28_Pro%20(2).jpg 325,205,388,414,0 380,423,427,479,2 479,425,519,479,2
WIN_20190920_13_00_43_Pro.jpg 285,133,359,354,0 34,286,145,478,2 366,200,478,435,2
WIN_20190920_13_01_39_Pro%20(2).jpg 386,185,459,359,0 220,225,274,364,2 410,240,478,418,2
WIN_20190920_13_00_10_Pro.jpg 176,74,245,228,0 240,163,279,338,2
WIN_20190920_13_01_29_Pro.jpg 348,43,415,216,0 68,88,146,273,2 330,101,407,270,2
WIN_20190920_13_00_32_Pro%20(2).jpg 289,228,352,351,0 378,382,405,466,2 333,375,352,459,2 105,338,164,479,2
WIN_20190920_13_00_34_Pro%20(2).jpg 330,197,397,322,0 0,250,55,477,2 174,290,236,474,2 397,367,425,454,2
WIN_20190920_13_01_43_Pro%20(2).jpg 86,122,203,332,0 173,195,214,402,2 226,206,257,357,2 267,218,303,302,2
WIN_20190920_13_01_39_Pro%20(3).jpg 417,213,485,381,0 36,217,59,297,2 93,223,124,305,2 289,249,329,372,2 445,264,506,431,2
WIN_20190920_13_00_22_Pro.jpg 307,52,377,222,0 564,229,637,396,2 181,202,230,323,2 56,184,106,295,2
WIN_20190920_13_01_36_Pro.jpg 427,70,516,287,0 128,147,208,350,2 424,134,522,349,2
WIN_20190920_13_00_26_Pro%20(2).jpg 170,187,233,383,0 324,412,386,479,2 509,444,561,477,2
WIN_20190920_13_00_24_Pro.jpg 169,168,239,346,0 416,355,491,479,2
WIN_20190920_13_00_10_Pro%20(2).jpg 153,138,226,311,0 216,251,254,426,2
WIN_20190920_13_01_34_Pro.jpg 489,65,566,257,0 197,152,280,345,2 478,124,564,315,2
WIN_20190920_13_00_24_Pro%20(3).jpg 262,183,334,369,0 500,381,578,479,2 0,356,49,476,2
WIN_20190920_13_01_37_Pro%20(2).jpg 74,174,145,364,2 338,147,423,371,2
WIN_20190920_13_01_45_Pro%20(2).jpg 229,214,328,396,0 282,273,347,474,2 401,285,443,446,2 542,297,574,388,2
WIN_20190920_13_00_21_Pro.jpg 306,92,370,259,0 90,192,140,296,2 202,218,248,328,2 551,277,625,432,2
WIN_20190920_13_01_45_Pro.jpg 149,224,245,403,0 213,280,265,472,2 305,288,343,436,2 431,282,447,355,2
WIN_20190920_13_00_07_Pro.jpg 138,209,196,362,2 330,257,402,458,2 228,156,310,338,0
WIN_20190920_13_00_34_Pro.jpg 333,234,393,353,0 397,376,420,468,2 186,333,236,479,2 2,307,72,479,2
WIN_20190920_13_01_42_Pro%20(2).jpg 309,224,400,388,0 377,281,425,456,2
WIN_20190920_13_00_08_Pro.jpg 216,151,298,315,0 304,259,348,423,2
WIN_20190920_13_00_09_Pro.jpg 215,152,282,302,0 282,247,322,398,2
WIN_20190920_13_01_29_Pro%20(2).jpg 377,44,461,252,0 35,92,137,320,2 350,111,449,317,2
WIN_20190920_13_01_28_Pro.jpg 305,112,361,258,0
WIN_20190920_13_00_22_Pro%20(2).jpg 278,161,350,338,0 541,344,622,477,2 127,313,179,450,2 0,298,41,416,2
WIN_20190920_13_01_20_Pro.jpg 312,120,360,306,0 108,202,175,359,2 318,173,398,357,2
WIN_20190920_13_01_31_Pro.jpg 430,28,522,246,0 77,111,191,368,2 403,103,494,314,2
WIN_20190920_13_00_27_Pro%20(2).jpg 205,99,278,307,0 298,344,368,479,2 442,369,492,479,2
WIN_20190920_13_01_36_Pro%20(2).jpg 386,18,463,230,0 98,97,171,295,2 378,83,468,297,2
WIN_20190920_13_01_42_Pro.jpg 376,205,465,370,0 246,223,262,288,2 351,239,389,380,2 436,261,489,433,2
WIN_20190920_13_01_31_Pro%20(2).jpg 414,15,517,236,0 68,105,183,362,2 396,88,486,306,2
WIN_20190920_13_01_30_Pro.jpg 374,84,456,287,0 41,179,138,395,2 355,157,438,351,2
WIN_20190920_13_00_28_Pro.jpg 272,144,342,353,0 345,368,401,479,2 470,392,511,479,2
WIN_20190920_13_00_32_Pro.jpg 264,265,324,411,0 382,417,415,479,2 310,421,342,474,2 0,415,61,479,2
WIN_20190920_13_00_23_Pro.jpg 230,189,307,366,0 62,339,118,476,2 504,372,584,479,2
WIN_20190920_13_01_38_Pro.jpg 364,95,433,296,0 157,167,213,335,2 382,160,453,350,2
WIN_20190920_13_01_42_Pro%20(3).jpg 261,222,364,412,0 337,289,380,468,2
WIN_20190920_13_00_34_Pro%20(3).jpg 314,178,374,320,0 87,292,155,479,2 394,367,426,463,2 355,366,375,457,2
WIN_20190920_13_00_27_Pro.jpg 162,198,234,397,0 289,432,354,479,2 458,454,505,479,2
WIN_20190920_13_01_41_Pro.jpg 315,288,393,448,0 261,309,301,435,2 362,343,422,478,2 301,0,347,116,2 113,254,136,333,2
WIN_20190920_13_00_25_Pro.jpg 305,215,370,409,0
WIN_20190920_13_01_40_Pro.jpg 475,287,542,447,0 393,0,451,107,2 353,305,407,426,2 505,341,564,473,2 179,268,208,346,2 124,251,147,329,2
WIN_20190920_13_01_46_Pro.jpg 38,256,137,442,0 286,0,351,103,2 500,97,536,203,2 67,312,146,475,2 249,335,310,475,2 454,357,475,447,2 490,355,525,448,2
WIN_20190920_13_01_41_Pro%20(2).jpg 354,281,434,437,0 189,259,210,332,2 358,0,409,106,2 405,334,464,476,2 317,305,355,419,2
WIN_20190920_13_05_01_Pro.jpg 368,233,427,338,1 383,203,405,224,3 426,391,451,418,3 149,311,170,332,3
WIN_20190920_13_05_29_Pro.jpg 335,242,400,380,1
WIN_20190920_13_04_44_Pro.jpg 152,229,259,317,1
WIN_20190920_13_04_53_Pro.jpg 226,260,280,360,1
WIN_20190920_13_04_48_Pro.jpg 99,206,116,220,3 268,265,320,379,1
WIN_20190920_13_05_44_Pro.jpg 363,175,461,314,1
WIN_20190920_13_05_11_Pro.jpg 352,297,376,322,3
WIN_20190920_13_05_02_Pro.jpg 296,229,357,308,1 312,202,328,219,3 136,330,152,347,3 370,349,392,371,3
WIN_20190920_13_03_42_Pro.jpg 331,188,383,280,2 455,175,493,264,2 412,0,448,52,2
WIN_20190920_13_03_40_Pro.jpg 372,109,414,199,2 406,325,453,412,2 280,330,328,428,2
WIN_20190920_13_05_34_Pro.jpg 285,75,366,289,1
WIN_20190920_13_03_37_Pro.jpg 215,117,256,198,2 261,316,303,391,2 149,341,196,423,2 438,284,469,349,2 510,267,538,330,2 440,104,474,177,2
WIN_20190920_13_05_28_Pro%20(2).jpg 277,260,336,413,1
WIN_20190920_13_05_43_Pro.jpg 302,150,390,274,1
WIN_20190920_13_05_02_Pro%20(2).jpg 328,202,348,217,3 391,346,408,365,3 162,321,180,338,3 322,227,376,305,1
WIN_20190920_13_02_00_Pro.jpg 248,187,323,346,0 480,314,565,471,2
WIN_20190920_13_04_52_Pro%20(2).jpg 247,298,309,408,1
WIN_20190920_13_02_10_Pro.jpg 196,125,261,244,2 445,50,482,135,2 509,241,540,306,2 288,396,340,479,2
WIN_20190920_13_03_41_Pro.jpg 410,201,456,285,2 532,189,573,270,2 496,0,537,62,2
WIN_20190920_13_01_54_Pro.jpg 395,222,433,346,2 603,259,634,346,2
WIN_20190920_13_05_11_Pro%20(2).jpg 342,287,360,306,3
WIN_20190920_13_05_09_Pro.jpg 196,237,233,268,3
WIN_20190920_13_05_35_Pro.jpg 134,200,234,398,1
WIN_20190920_13_02_03_Pro.jpg 249,169,312,331,0 464,338,546,479,2
WIN_20190920_13_03_28_Pro.jpg 222,147,262,215,2 465,115,504,184,2 458,288,493,344,2 560,272,593,339,2 184,312,218,366,2
WIN_20190920_13_04_53_Pro%20(2).jpg 226,282,281,376,1
WIN_20190920_13_01_53_Pro.jpg 327,116,359,208,2 509,160,536,227,2 547,325,570,391,2 490,324,516,394,2 342,330,376,413,2 239,335,282,425,2
WIN_20190920_13_05_29_Pro%20(2).jpg 426,149,501,286,1
WIN_20190920_13_03_39_Pro%20(2).jpg 208,31,248,130,2 536,30,570,122,2 498,250,536,331,2 614,242,640,332,2 252,262,294,351,2 115,274,164,364,2
WIN_20190920_13_02_13_Pro%20(2).jpg 58,240,135,428,0
WIN_20190920_13_05_00_Pro.jpg 402,249,423,269,3 150,363,176,388,3 454,462,485,480,3 383,280,457,396,1
WIN_20190920_13_02_00_Pro%20(2).jpg 244,98,316,250,0 471,220,540,389,2 156,181,198,284,2
WIN_20190920_13_04_46_Pro.jpg 380,294,463,420,1 184,304,206,323,3 256,213,276,231,3 40,247,58,266,3
WIN_20190920_13_04_38_Pro%20(2).jpg 189,196,289,264,1
WIN_20190920_13_05_00_Pro%20(2).jpg 375,185,442,296,1 398,164,421,184,3 148,250,172,274,3 431,359,459,388,3
WIN_20190920_13_04_45_Pro.jpg 258,203,345,303,1 20,282,47,306,3 10,170,29,186,3
